printNodeList----> No.of nodes: 10
+--------+------------+--------+-----------------+--------+--------+--------+--------+--------+--------+
|  Node  | Node_Type  |  Prev  |      Next       |  CC0   |  CC1   |  SC0   |  SC1   |   CO   |   SO   |
+--------+------------+--------+-----------------+--------+--------+--------+--------+--------+--------+
|  0 (1) |          0 |     -1 | 1              |      1 |      1 |      0 |      0 |      5 |    inf |
|  1 (2) |          0 |     -1 | 3              |      1 |      1 |      0 |      0 |      6 |    inf |
|  2 (3) |          0 |     -1 | 1 2            |      1 |      1 |      0 |      0 |      5 |    inf |
|  3 (6) |          0 |     -1 | 2              |      1 |      1 |      0 |      0 |      7 |    inf |
|  4 (7) |          0 |     -1 | 4              |      1 |      1 |      0 |      0 |      6 |    inf |
|  5 (10) |          2 |      1 | 5              |      3 |      2 |    inf |    inf |      3 |    inf |
|  6 (11) |          2 |      2 | 3 4            |      3 |      2 |    inf |    inf |      5 |    inf |
|  7 (16) |          2 |      3 | 5 6            |      4 |      2 |    inf |    inf |      3 |    inf |
|  8 (19) |          2 |      4 | 6              |      4 |      2 |    inf |    inf |      3 |    inf |
|  9 (22) |          1 |      5 | -1               |      5 |      4 |    inf |    inf |      0 |      0 |
| 10 (23) |          1 |      6 | -1               |      5 |      5 |    inf |    inf |      0 |      0 |
+--------+------------+--------+-----------------+--------+--------+--------+--------+--------+--------+
